1 0.577257 0.484954 0.054071 0.072094
1 0.573785 0.574074 0.055393 0.073857
1 0.712674 0.491898 0.052112 0.069483
1 0.711806 0.571759 0.053256 0.071009
1 0.690104 0.649306 0.051618 0.068824
1 0.578993 0.646991 0.054071 0.072094
0 0.615885 0.383102 0.037326 0.055556
0 0.475694 0.405671 0.041667 0.061343
0 0.411892 0.372106 0.046007 0.054398
0 0.532552 0.479167 0.037326 0.060185
0 0.539062 0.631366 0.041667 0.052083
0 0.436632 0.654514 0.043403 0.056713
3 0.766927 0.380208 0.046007 0.056713
3 0.572917 0.424769 0.038194 0.055556
3 0.487413 0.468171 0.047743 0.063657
3 0.399306 0.561343 0.041667 0.053241
3 0.624132 0.651620 0.043403 0.055556
3 0.398003 0.647569 0.044271 0.052083
2 0.690538 0.431134 0.051215 0.068287
2 0.745226 0.437500 0.051215 0.064815
2 0.740451 0.642940 0.052083 0.068287
2 0.519531 0.416667 0.049479 0.064815
2 0.502170 0.558449 0.049479 0.068287
2 0.435764 0.472222 0.050347 0.064815
2 0.485243 0.619213 0.050347 0.069444