2 0.479248 0.473958 0.051270 0.059679
2 0.452393 0.517361 0.051270 0.066189
2 0.491455 0.558051 0.051270 0.062934
2 0.530924 0.528212 0.053711 0.059679
2 0.620443 0.591688 0.048828 0.062934
2 0.605794 0.650825 0.053711 0.064019
2 0.762044 0.594401 0.055339 0.066189
0 0.588704 0.382812 0.042318 0.057509
0 0.705485 0.501628 0.041504 0.054253
0 0.419434 0.652995 0.042318 0.057509
0 0.397868 0.554796 0.041504 0.065104
0 0.399902 0.482639 0.039062 0.059679
0 0.401123 0.376302 0.043132 0.053168
3 0.749023 0.468533 0.035807 0.050998
3 0.618815 0.401259 0.050456 0.061849
3 0.591960 0.476671 0.048828 0.056424
3 0.447510 0.574870 0.041504 0.050998
3 0.402751 0.426215 0.043132 0.055339
3 0.400716 0.607964 0.047201 0.058594
1 0.690430 0.576497 0.054397 0.072529
1 0.688802 0.649197 0.055673 0.074230
1 0.534180 0.598199 0.053932 0.071910
1 0.542318 0.380100 0.050140 0.066853
1 0.543945 0.464735 0.053389 0.071186
1 0.578125 0.550456 0.053736 0.071647