0 0.404080 0.372685 0.040799 0.050926
0 0.409288 0.415509 0.040799 0.062500
0 0.440538 0.509838 0.042535 0.059028
0 0.627604 0.589120 0.036458 0.057870
0 0.627170 0.410301 0.040799 0.059028
0 0.770399 0.595486 0.047743 0.056713
2 0.708767 0.384259 0.052951 0.064815
2 0.718316 0.652199 0.056424 0.070602
2 0.769965 0.652778 0.052083 0.064815
2 0.532118 0.585648 0.050347 0.067130
2 0.548177 0.493634 0.052951 0.063657
2 0.592448 0.469329 0.049479 0.065972
2 0.609375 0.542245 0.048611 0.065972
1 0.688368 0.437500 0.052916 0.070554
1 0.690972 0.574074 0.053143 0.070858
1 0.493924 0.621528 0.050077 0.066769
1 0.457465 0.383102 0.051560 0.068746
1 0.449653 0.454861 0.055907 0.074543
1 0.583333 0.597222 0.052112 0.069483
3 0.773003 0.379630 0.040799 0.050926
3 0.685330 0.507523 0.046007 0.061343
3 0.721354 0.524884 0.045139 0.061343
3 0.618490 0.651042 0.040799 0.056713
3 0.578125 0.657407 0.036458 0.050926
3 0.398003 0.645833 0.040799 0.053241