1 0.685764 0.437500 0.053256 0.071009
1 0.716146 0.556713 0.052716 0.070288
1 0.551215 0.585648 0.051560 0.068746
1 0.502604 0.527778 0.050467 0.067289
1 0.448785 0.534722 0.052083 0.069444
1 0.492188 0.630787 0.052802 0.070402
2 0.444010 0.379630 0.052951 0.064815
2 0.708333 0.381944 0.053819 0.062500
2 0.746094 0.510995 0.051215 0.063657
2 0.721354 0.629051 0.053819 0.068287
2 0.759115 0.590278 0.051215 0.062500
2 0.769965 0.655671 0.053819 0.063657
2 0.446615 0.603009 0.051215 0.064815
3 0.490451 0.457176 0.048611 0.062500
3 0.556424 0.524884 0.045139 0.056713
3 0.585938 0.648727 0.043403 0.056713
3 0.397135 0.644676 0.040799 0.050926
3 0.699219 0.496528 0.040799 0.053241
3 0.776476 0.384838 0.040799 0.049769
0 0.615451 0.383102 0.038194 0.057870
0 0.404948 0.374421 0.042535 0.059028
0 0.412760 0.462963 0.047743 0.050926
0 0.506510 0.583912 0.037326 0.056713
0 0.437066 0.643519 0.039062 0.060185
0 0.462240 0.657407 0.047743 0.050926