1 0.570312 0.423611 0.054015 0.072020
1 0.621528 0.406250 0.052916 0.070554
1 0.620660 0.521991 0.052083 0.069444
1 0.462674 0.622685 0.055393 0.073857
1 0.689236 0.516204 0.054071 0.072094
1 0.688368 0.650463 0.058334 0.077779
2 0.726128 0.424769 0.056424 0.071759
2 0.742188 0.546875 0.053819 0.068287
2 0.492188 0.388310 0.053819 0.061343
2 0.395833 0.457176 0.055556 0.067130
2 0.522569 0.610532 0.050347 0.065972
2 0.439236 0.560764 0.048611 0.065972
3 0.762587 0.384838 0.044271 0.056713
3 0.624566 0.597801 0.042535 0.056713
3 0.484375 0.560764 0.039931 0.054398
3 0.404948 0.587963 0.049479 0.064815
3 0.532118 0.373843 0.041667 0.057870
3 0.397135 0.646412 0.040799 0.049769
0 0.596354 0.487269 0.043403 0.053241
0 0.497830 0.657407 0.046007 0.057870
0 0.434462 0.656250 0.047743 0.050926
0 0.451389 0.379630 0.041667 0.050926
0 0.429253 0.381366 0.047743 0.054398
0 0.405382 0.375000 0.043403 0.053241